0.000000000000000000e+00
1.340000000000000000e+02
1.740000000000000000e+02
2.020000000000000000e+02
2.160000000000000000e+02
3.070000000000000000e+02
4.170000000000000000e+02
6.300000000000000000e+02
6.600000000000000000e+02
6.720000000000000000e+02
7.660000000000000000e+02
8.710000000000000000e+02
8.960000000000000000e+02
1.269000000000000000e+03
1.310000000000000000e+03
1.370000000000000000e+03
1.439000000000000000e+03
1.458000000000000000e+03
1.617000000000000000e+03
1.627000000000000000e+03
1.653000000000000000e+03
1.748000000000000000e+03
1.818000000000000000e+03
1.906000000000000000e+03
1.947000000000000000e+03
1.988000000000000000e+03
2.054000000000000000e+03
2.064000000000000000e+03
2.103000000000000000e+03
2.120000000000000000e+03
2.145000000000000000e+03
2.168000000000000000e+03
2.190000000000000000e+03
2.204000000000000000e+03
2.214000000000000000e+03
2.231000000000000000e+03
2.240000000000000000e+03
2.277000000000000000e+03
2.340000000000000000e+03
2.353000000000000000e+03
2.375000000000000000e+03
2.406000000000000000e+03
2.494000000000000000e+03
2.606000000000000000e+03
2.686000000000000000e+03
2.715000000000000000e+03
2.726000000000000000e+03
2.742000000000000000e+03
2.775000000000000000e+03
2.882000000000000000e+03
2.895000000000000000e+03
2.911000000000000000e+03
2.946000000000000000e+03
2.962000000000000000e+03
2.992000000000000000e+03
3.002000000000000000e+03
3.094000000000000000e+03
3.148000000000000000e+03
3.228000000000000000e+03
3.443000000000000000e+03
3.562000000000000000e+03
3.574000000000000000e+03
3.697000000000000000e+03
3.745000000000000000e+03
3.854000000000000000e+03
3.902000000000000000e+03
3.923000000000000000e+03
3.935000000000000000e+03
3.953000000000000000e+03
3.991000000000000000e+03
4.068000000000000000e+03
4.090000000000000000e+03
4.163000000000000000e+03
4.197000000000000000e+03
4.218000000000000000e+03
4.262000000000000000e+03
4.307000000000000000e+03
4.346000000000000000e+03
4.360000000000000000e+03
4.387000000000000000e+03
4.401000000000000000e+03
4.431000000000000000e+03
4.517000000000000000e+03
4.595000000000000000e+03
4.638000000000000000e+03
4.797000000000000000e+03
4.808000000000000000e+03
4.921000000000000000e+03
4.932000000000000000e+03
4.972000000000000000e+03
5.136000000000000000e+03
5.186000000000000000e+03
5.390000000000000000e+03
5.399000000000000000e+03
5.620000000000000000e+03
5.777000000000000000e+03
5.805000000000000000e+03
5.840000000000000000e+03
5.856000000000000000e+03
5.919000000000000000e+03
5.953000000000000000e+03
5.991000000000000000e+03
6.103000000000000000e+03
6.118000000000000000e+03
6.181000000000000000e+03
6.197000000000000000e+03
6.225000000000000000e+03
6.238000000000000000e+03
6.255000000000000000e+03
6.389000000000000000e+03
6.471000000000000000e+03
6.483000000000000000e+03
6.507000000000000000e+03
6.538000000000000000e+03
6.565000000000000000e+03
6.614000000000000000e+03
6.702000000000000000e+03
6.738000000000000000e+03
6.780000000000000000e+03
6.878000000000000000e+03
6.892000000000000000e+03
6.938000000000000000e+03
6.972000000000000000e+03
7.001000000000000000e+03
7.015000000000000000e+03
7.105000000000000000e+03
7.128000000000000000e+03
7.139000000000000000e+03
7.241000000000000000e+03
7.256000000000000000e+03
7.434000000000000000e+03
7.449000000000000000e+03
7.466000000000000000e+03
7.484000000000000000e+03
7.496000000000000000e+03
7.516000000000000000e+03
7.536000000000000000e+03
7.560000000000000000e+03
7.587000000000000000e+03
7.602000000000000000e+03
7.612000000000000000e+03
7.677000000000000000e+03
7.697000000000000000e+03
7.712000000000000000e+03
7.820000000000000000e+03
8.005000000000000000e+03
8.024000000000000000e+03
8.034000000000000000e+03
8.067000000000000000e+03
8.092000000000000000e+03
8.102000000000000000e+03
8.268000000000000000e+03
8.338000000000000000e+03
8.351000000000000000e+03
8.378000000000000000e+03
8.389000000000000000e+03
8.407000000000000000e+03
8.434000000000000000e+03
8.533000000000000000e+03
8.602000000000000000e+03
8.668000000000000000e+03
8.702000000000000000e+03
8.722000000000000000e+03
8.735000000000000000e+03
8.768000000000000000e+03
8.786000000000000000e+03
8.796000000000000000e+03
8.834000000000000000e+03
8.869000000000000000e+03
8.892000000000000000e+03
8.907000000000000000e+03
8.926000000000000000e+03
8.935000000000000000e+03
8.962000000000000000e+03
9.058000000000000000e+03
9.081000000000000000e+03
9.123000000000000000e+03
9.186000000000000000e+03
9.339000000000000000e+03
9.362000000000000000e+03
9.396000000000000000e+03
9.614000000000000000e+03
9.628000000000000000e+03
9.658000000000000000e+03
9.791000000000000000e+03
9.815000000000000000e+03
9.863000000000000000e+03
9.897000000000000000e+03
9.955000000000000000e+03
1.006400000000000000e+04
1.010000000000000000e+04
1.011000000000000000e+04
1.013000000000000000e+04
1.019100000000000000e+04
1.035300000000000000e+04
1.040200000000000000e+04
1.042300000000000000e+04
1.047500000000000000e+04
1.058100000000000000e+04
1.060000000000000000e+04
1.071200000000000000e+04
1.092700000000000000e+04
1.094000000000000000e+04
1.096200000000000000e+04
1.098100000000000000e+04
1.099100000000000000e+04
1.102400000000000000e+04
1.115700000000000000e+04
1.116800000000000000e+04
1.118400000000000000e+04
1.125400000000000000e+04
1.127500000000000000e+04
1.129200000000000000e+04
1.135900000000000000e+04
1.142200000000000000e+04
1.147200000000000000e+04
1.154500000000000000e+04
1.158200000000000000e+04
1.161500000000000000e+04
1.163100000000000000e+04
1.164100000000000000e+04
1.172400000000000000e+04
1.193700000000000000e+04
1.198900000000000000e+04
1.205300000000000000e+04
1.206800000000000000e+04
1.209900000000000000e+04
1.213500000000000000e+04
1.214200000000000000e+04
1.215700000000000000e+04
1.223200000000000000e+04
1.224200000000000000e+04
1.228900000000000000e+04
1.235700000000000000e+04
1.263500000000000000e+04
1.268200000000000000e+04
1.275200000000000000e+04
1.277900000000000000e+04
1.279300000000000000e+04
1.287900000000000000e+04
1.289400000000000000e+04
1.290600000000000000e+04
1.291700000000000000e+04
1.296200000000000000e+04
1.307900000000000000e+04
1.309200000000000000e+04
1.320300000000000000e+04
1.321800000000000000e+04
1.323900000000000000e+04
1.332800000000000000e+04
1.339300000000000000e+04
1.343700000000000000e+04
1.344800000000000000e+04
1.350400000000000000e+04
1.358900000000000000e+04
1.363500000000000000e+04
1.375000000000000000e+04
1.378100000000000000e+04
1.378900000000000000e+04
1.381600000000000000e+04
1.382800000000000000e+04
1.383800000000000000e+04
1.392000000000000000e+04
1.398000000000000000e+04
1.404300000000000000e+04
1.407000000000000000e+04
1.408600000000000000e+04
1.419200000000000000e+04
1.437100000000000000e+04
1.453800000000000000e+04
1.461000000000000000e+04
1.477100000000000000e+04
1.480200000000000000e+04
1.481400000000000000e+04
1.485300000000000000e+04
1.490100000000000000e+04
1.518700000000000000e+04
1.521500000000000000e+04
1.522700000000000000e+04
1.546900000000000000e+04
1.561600000000000000e+04
1.563300000000000000e+04
1.564300000000000000e+04
1.567100000000000000e+04
1.569900000000000000e+04
1.571500000000000000e+04
1.587300000000000000e+04
1.590100000000000000e+04
1.594400000000000000e+04
1.595700000000000000e+04
1.603600000000000000e+04
1.620900000000000000e+04
1.626500000000000000e+04
1.648000000000000000e+04
1.656400000000000000e+04
1.666400000000000000e+04
1.673800000000000000e+04
1.683100000000000000e+04
1.690900000000000000e+04
1.706300000000000000e+04
1.707500000000000000e+04
1.722600000000000000e+04
1.723600000000000000e+04
1.751200000000000000e+04
1.752500000000000000e+04
1.765000000000000000e+04
1.766500000000000000e+04
1.771900000000000000e+04
1.793700000000000000e+04
1.794800000000000000e+04
1.795200000000000000e+04
1.810000000000000000e+04
1.823000000000000000e+04
1.838300000000000000e+04
1.852300000000000000e+04
1.856800000000000000e+04
1.861200000000000000e+04
1.862400000000000000e+04
1.872000000000000000e+04
1.873600000000000000e+04
1.881500000000000000e+04
1.888700000000000000e+04
1.891400000000000000e+04
1.895800000000000000e+04
1.900900000000000000e+04
1.908500000000000000e+04
1.919800000000000000e+04
1.937300000000000000e+04
1.954200000000000000e+04
1.957900000000000000e+04
1.966400000000000000e+04
1.970400000000000000e+04
1.982000000000000000e+04
1.983400000000000000e+04
2.005200000000000000e+04
2.006500000000000000e+04
2.015000000000000000e+04
2.017100000000000000e+04
2.021200000000000000e+04
2.037000000000000000e+04
2.039700000000000000e+04
2.040900000000000000e+04
2.053700000000000000e+04
2.069400000000000000e+04
2.080300000000000000e+04
2.093700000000000000e+04
2.107100000000000000e+04
2.119200000000000000e+04
2.122300000000000000e+04
2.125100000000000000e+04
2.128600000000000000e+04
2.131600000000000000e+04
2.134500000000000000e+04
2.136600000000000000e+04
2.151800000000000000e+04
2.153800000000000000e+04
2.155300000000000000e+04
2.160500000000000000e+04
2.164000000000000000e+04
2.165400000000000000e+04
2.172300000000000000e+04
2.180100000000000000e+04
2.181900000000000000e+04
2.202800000000000000e+04
2.204200000000000000e+04
2.208000000000000000e+04
2.209700000000000000e+04
2.213200000000000000e+04
2.216400000000000000e+04
2.218100000000000000e+04
2.223700000000000000e+04
2.227600000000000000e+04
2.232000000000000000e+04
2.247600000000000000e+04
2.267000000000000000e+04
2.268600000000000000e+04
2.270800000000000000e+04
2.272800000000000000e+04
2.299200000000000000e+04
2.312800000000000000e+04
2.324400000000000000e+04
2.333300000000000000e+04
2.336600000000000000e+04
2.341800000000000000e+04
2.343400000000000000e+04
2.363600000000000000e+04
2.365400000000000000e+04
2.386400000000000000e+04
2.390600000000000000e+04
2.410800000000000000e+04
2.412800000000000000e+04
2.422300000000000000e+04
2.430400000000000000e+04
2.461900000000000000e+04
2.474400000000000000e+04
2.479000000000000000e+04
2.482900000000000000e+04
2.490900000000000000e+04
2.503900000000000000e+04
2.528900000000000000e+04
2.530600000000000000e+04
2.541900000000000000e+04
2.547300000000000000e+04
2.552000000000000000e+04
2.555600000000000000e+04
2.613800000000000000e+04
2.641200000000000000e+04
2.660000000000000000e+04
2.662300000000000000e+04
2.677800000000000000e+04
2.680100000000000000e+04
2.685100000000000000e+04
2.688800000000000000e+04
2.692800000000000000e+04
2.695000000000000000e+04
2.697100000000000000e+04
2.738800000000000000e+04
2.769100000000000000e+04
2.770600000000000000e+04
2.773500000000000000e+04
2.776700000000000000e+04
2.782200000000000000e+04
2.790200000000000000e+04
2.795300000000000000e+04
2.799300000000000000e+04
2.817100000000000000e+04
2.825800000000000000e+04
2.828200000000000000e+04
2.833000000000000000e+04
2.869400000000000000e+04
2.875500000000000000e+04
2.877300000000000000e+04
2.882400000000000000e+04
2.886100000000000000e+04
2.890200000000000000e+04
2.924900000000000000e+04
2.937500000000000000e+04
2.961300000000000000e+04
2.964200000000000000e+04
2.967000000000000000e+04
2.971800000000000000e+04
2.973800000000000000e+04
2.986200000000000000e+04
2.988600000000000000e+04
2.990700000000000000e+04
3.002900000000000000e+04
3.006400000000000000e+04
3.019100000000000000e+04
3.022600000000000000e+04
3.029300000000000000e+04
3.078700000000000000e+04
3.087800000000000000e+04
3.107400000000000000e+04
3.122300000000000000e+04
3.144800000000000000e+04
3.163200000000000000e+04
3.184500000000000000e+04
3.211400000000000000e+04
3.229400000000000000e+04
3.241100000000000000e+04
3.247800000000000000e+04
3.250100000000000000e+04
3.253300000000000000e+04
3.266600000000000000e+04
3.271900000000000000e+04
3.279900000000000000e+04
3.290000000000000000e+04
3.294400000000000000e+04
3.308700000000000000e+04
3.313000000000000000e+04
3.318700000000000000e+04
3.321800000000000000e+04
3.348100000000000000e+04
3.351600000000000000e+04
3.384300000000000000e+04
3.386300000000000000e+04
3.394600000000000000e+04
3.398100000000000000e+04
3.409400000000000000e+04
3.429600000000000000e+04
3.435600000000000000e+04
3.441200000000000000e+04
3.443800000000000000e+04
3.449700000000000000e+04
3.463600000000000000e+04
3.466200000000000000e+04
3.485100000000000000e+04
3.508200000000000000e+04
3.523600000000000000e+04
3.534500000000000000e+04
3.540200000000000000e+04
3.543500000000000000e+04
3.549000000000000000e+04
3.562500000000000000e+04
3.567200000000000000e+04
3.588500000000000000e+04
3.601400000000000000e+04
3.629300000000000000e+04
3.644200000000000000e+04
3.654400000000000000e+04
3.676900000000000000e+04
3.684200000000000000e+04
3.687900000000000000e+04
3.703900000000000000e+04
3.729000000000000000e+04
3.740200000000000000e+04
3.764400000000000000e+04
3.770200000000000000e+04
3.778900000000000000e+04
3.782200000000000000e+04
3.785200000000000000e+04
3.787600000000000000e+04
3.789700000000000000e+04
3.791900000000000000e+04
3.811300000000000000e+04
3.815300000000000000e+04
3.817400000000000000e+04
3.821100000000000000e+04
3.828400000000000000e+04
3.833300000000000000e+04
3.835600000000000000e+04
3.850600000000000000e+04
3.853600000000000000e+04
3.863600000000000000e+04
3.894200000000000000e+04
3.899600000000000000e+04
3.906400000000000000e+04
3.920100000000000000e+04
3.925400000000000000e+04
3.929700000000000000e+04
3.934200000000000000e+04
3.937200000000000000e+04
3.964600000000000000e+04
3.990600000000000000e+04
3.998600000000000000e+04
4.020400000000000000e+04
4.036700000000000000e+04
4.085700000000000000e+04
4.093800000000000000e+04
4.099400000000000000e+04
4.105700000000000000e+04
4.119000000000000000e+04
4.132500000000000000e+04
4.152200000000000000e+04
4.155300000000000000e+04
4.171500000000000000e+04
4.177400000000000000e+04
4.179700000000000000e+04
4.195200000000000000e+04
4.197700000000000000e+04
4.201700000000000000e+04
4.235100000000000000e+04
4.243500000000000000e+04
4.253500000000000000e+04
4.264900000000000000e+04
4.270100000000000000e+04
4.274500000000000000e+04
4.279800000000000000e+04
4.281800000000000000e+04
4.289400000000000000e+04
4.299500000000000000e+04
4.335200000000000000e+04
4.342400000000000000e+04
4.345400000000000000e+04
4.348800000000000000e+04
4.352300000000000000e+04
4.367200000000000000e+04
4.382700000000000000e+04
4.390800000000000000e+04
4.397800000000000000e+04
4.400000000000000000e+04
4.402000000000000000e+04
4.404000000000000000e+04
4.409100000000000000e+04
4.413700000000000000e+04
4.416300000000000000e+04
4.419900000000000000e+04
4.438700000000000000e+04
4.441100000000000000e+04
4.448500000000000000e+04
4.453200000000000000e+04
4.456000000000000000e+04
4.462200000000000000e+04
4.464900000000000000e+04
4.467300000000000000e+04
4.475300000000000000e+04
4.491900000000000000e+04
4.501700000000000000e+04
4.524200000000000000e+04
4.528500000000000000e+04
4.533300000000000000e+04
4.541700000000000000e+04
4.577700000000000000e+04
4.593300000000000000e+04
4.595800000000000000e+04
4.605400000000000000e+04
4.607400000000000000e+04
4.611500000000000000e+04
4.614000000000000000e+04
4.618700000000000000e+04
4.627600000000000000e+04
4.642400000000000000e+04
4.645300000000000000e+04
4.650000000000000000e+04
4.652700000000000000e+04
4.661700000000000000e+04
4.685300000000000000e+04
4.689000000000000000e+04
4.705300000000000000e+04
4.708100000000000000e+04
4.715600000000000000e+04
4.719800000000000000e+04
4.722500000000000000e+04
4.725300000000000000e+04
4.729200000000000000e+04
4.739500000000000000e+04
4.743800000000000000e+04
4.754600000000000000e+04
4.776200000000000000e+04
4.785100000000000000e+04
4.796100000000000000e+04
4.813200000000000000e+04
4.836000000000000000e+04
4.840500000000000000e+04
4.854600000000000000e+04
4.865200000000000000e+04
4.868400000000000000e+04
4.886500000000000000e+04
4.889200000000000000e+04
4.901300000000000000e+04
4.912100000000000000e+04
4.914100000000000000e+04
4.925900000000000000e+04
4.931700000000000000e+04
4.945200000000000000e+04
4.948600000000000000e+04
4.950600000000000000e+04
4.961000000000000000e+04
4.967700000000000000e+04
4.982500000000000000e+04
4.993400000000000000e+04
4.997400000000000000e+04
5.029200000000000000e+04
5.049800000000000000e+04
5.054000000000000000e+04
5.066200000000000000e+04
5.070000000000000000e+04
5.075800000000000000e+04
5.105500000000000000e+04
5.107900000000000000e+04
5.139000000000000000e+04
5.141100000000000000e+04
5.143300000000000000e+04
5.171600000000000000e+04
5.186300000000000000e+04
5.254800000000000000e+04
5.257200000000000000e+04
5.260100000000000000e+04
5.267200000000000000e+04
5.286300000000000000e+04
5.308700000000000000e+04
5.320800000000000000e+04
5.323100000000000000e+04
5.338900000000000000e+04
5.355500000000000000e+04
5.369700000000000000e+04
5.394200000000000000e+04
5.398900000000000000e+04
5.403500000000000000e+04
5.413500000000000000e+04
5.418100000000000000e+04
5.430500000000000000e+04
5.433400000000000000e+04
5.436900000000000000e+04
5.441000000000000000e+04
5.444400000000000000e+04
5.452100000000000000e+04
5.457000000000000000e+04
5.459800000000000000e+04
5.466000000000000000e+04
5.469800000000000000e+04
5.472000000000000000e+04
5.511900000000000000e+04
5.519400000000000000e+04
5.528000000000000000e+04
5.530000000000000000e+04
5.537100000000000000e+04
5.539200000000000000e+04
5.541600000000000000e+04
5.545200000000000000e+04
5.556700000000000000e+04
5.559900000000000000e+04
5.563900000000000000e+04
5.579300000000000000e+04
5.595000000000000000e+04
5.598800000000000000e+04
5.601700000000000000e+04
5.612200000000000000e+04
5.624900000000000000e+04
5.639800000000000000e+04
5.641900000000000000e+04
5.645200000000000000e+04
5.648300000000000000e+04
5.653000000000000000e+04
5.662000000000000000e+04
5.673400000000000000e+04
5.676300000000000000e+04
5.699900000000000000e+04
5.710400000000000000e+04
5.724200000000000000e+04
5.732800000000000000e+04
5.754900000000000000e+04
5.771100000000000000e+04
5.774100000000000000e+04
5.778500000000000000e+04
5.795200000000000000e+04
5.822100000000000000e+04
5.831400000000000000e+04
5.835300000000000000e+04
5.842000000000000000e+04
5.845000000000000000e+04
5.861800000000000000e+04
5.866000000000000000e+04
5.868200000000000000e+04
5.876700000000000000e+04
5.879200000000000000e+04
5.881600000000000000e+04
5.913800000000000000e+04
5.916400000000000000e+04
5.918500000000000000e+04
5.922300000000000000e+04
5.930600000000000000e+04
5.932600000000000000e+04
5.943300000000000000e+04
5.949700000000000000e+04
5.955000000000000000e+04
5.957400000000000000e+04
5.960700000000000000e+04
5.975500000000000000e+04
5.979000000000000000e+04
5.981000000000000000e+04
5.991400000000000000e+04
5.994000000000000000e+04
5.997500000000000000e+04
6.000200000000000000e+04
6.006200000000000000e+04
6.012900000000000000e+04
6.042200000000000000e+04
6.053000000000000000e+04
6.083500000000000000e+04
6.086800000000000000e+04
6.103600000000000000e+04
6.110900000000000000e+04
6.116600000000000000e+04
6.120000000000000000e+04
6.123800000000000000e+04
6.134700000000000000e+04
6.151300000000000000e+04
6.187000000000000000e+04
6.190200000000000000e+04
6.194300000000000000e+04
6.200900000000000000e+04
6.203000000000000000e+04
6.215900000000000000e+04
6.226800000000000000e+04
6.229100000000000000e+04
6.246600000000000000e+04
6.250300000000000000e+04
6.256700000000000000e+04
6.259600000000000000e+04
6.266000000000000000e+04
6.273000000000000000e+04
6.276300000000000000e+04
6.292400000000000000e+04
6.314800000000000000e+04
6.317600000000000000e+04
6.328100000000000000e+04
6.331700000000000000e+04
6.338200000000000000e+04
6.341900000000000000e+04
6.347400000000000000e+04
6.351600000000000000e+04
6.374800000000000000e+04
6.377800000000000000e+04
6.381700000000000000e+04
6.384400000000000000e+04
6.396100000000000000e+04
6.401800000000000000e+04
6.426700000000000000e+04
6.430000000000000000e+04
6.453100000000000000e+04
6.455600000000000000e+04
6.460300000000000000e+04
6.465800000000000000e+04
6.469700000000000000e+04
6.485600000000000000e+04
6.521400000000000000e+04
6.524000000000000000e+04
6.547900000000000000e+04
6.550300000000000000e+04
6.553100000000000000e+04
6.555700000000000000e+04
6.563200000000000000e+04
6.566500000000000000e+04
6.599700000000000000e+04
6.627000000000000000e+04
6.641000000000000000e+04
6.661400000000000000e+04
6.663700000000000000e+04
6.665700000000000000e+04
6.668300000000000000e+04
6.670400000000000000e+04
6.672400000000000000e+04
6.675300000000000000e+04
6.678800000000000000e+04
6.697100000000000000e+04
6.699600000000000000e+04
6.703200000000000000e+04
6.705300000000000000e+04
6.708100000000000000e+04
6.710200000000000000e+04
6.716400000000000000e+04
6.718900000000000000e+04
6.737400000000000000e+04
6.739400000000000000e+04
6.753900000000000000e+04
6.765400000000000000e+04
6.768200000000000000e+04
6.778600000000000000e+04
6.785000000000000000e+04
6.795600000000000000e+04
6.802900000000000000e+04
6.805400000000000000e+04
6.832100000000000000e+04
6.837500000000000000e+04
6.847700000000000000e+04
6.852700000000000000e+04
6.857300000000000000e+04
6.866600000000000000e+04
6.872300000000000000e+04
6.892000000000000000e+04
6.895100000000000000e+04
6.897800000000000000e+04
6.918200000000000000e+04
6.926300000000000000e+04
6.929400000000000000e+04
6.969900000000000000e+04
6.984500000000000000e+04
6.999500000000000000e+04
7.001800000000000000e+04
7.006900000000000000e+04
7.027800000000000000e+04
7.032700000000000000e+04
7.036800000000000000e+04
7.058500000000000000e+04
7.060800000000000000e+04
7.063400000000000000e+04
7.065600000000000000e+04
7.067700000000000000e+04
7.071600000000000000e+04
7.078700000000000000e+04
7.083000000000000000e+04
7.099500000000000000e+04
7.110200000000000000e+04
7.139600000000000000e+04
7.146200000000000000e+04
7.148200000000000000e+04
7.157700000000000000e+04
7.178500000000000000e+04
7.183200000000000000e+04
7.210100000000000000e+04
7.221600000000000000e+04
7.228700000000000000e+04
7.230700000000000000e+04
7.234100000000000000e+04
7.243000000000000000e+04
7.245100000000000000e+04
7.253200000000000000e+04
7.266600000000000000e+04
7.269500000000000000e+04
7.306300000000000000e+04
7.332200000000000000e+04
7.345900000000000000e+04
7.372700000000000000e+04
7.377000000000000000e+04
7.387200000000000000e+04
7.411200000000000000e+04
7.428300000000000000e+04
7.430300000000000000e+04
7.462900000000000000e+04
7.474800000000000000e+04
7.479500000000000000e+04
7.502100000000000000e+04
7.508000000000000000e+04
7.532500000000000000e+04
7.534500000000000000e+04
7.570700000000000000e+04
7.589200000000000000e+04
7.592200000000000000e+04
7.605700000000000000e+04
7.610200000000000000e+04
7.622600000000000000e+04
7.627500000000000000e+04
7.641100000000000000e+04
7.645800000000000000e+04
7.649800000000000000e+04
7.653900000000000000e+04
7.668600000000000000e+04
7.676000000000000000e+04
7.678600000000000000e+04
7.684600000000000000e+04
7.694400000000000000e+04
7.699700000000000000e+04
7.712900000000000000e+04
7.715200000000000000e+04
7.717800000000000000e+04
7.749500000000000000e+04
7.753000000000000000e+04
7.763300000000000000e+04
7.785000000000000000e+04
7.787600000000000000e+04
7.798600000000000000e+04
7.811300000000000000e+04
7.818700000000000000e+04
7.826900000000000000e+04
7.830100000000000000e+04
7.832100000000000000e+04
7.844100000000000000e+04
7.847300000000000000e+04
7.852200000000000000e+04
7.858500000000000000e+04
7.864600000000000000e+04
7.888700000000000000e+04
7.907100000000000000e+04
7.924500000000000000e+04
7.928400000000000000e+04
7.942600000000000000e+04
7.946600000000000000e+04
7.957400000000000000e+04
7.962300000000000000e+04
7.973000000000000000e+04
7.975200000000000000e+04
7.983100000000000000e+04
